  99    0.0025    6.49   
  100   0.0025    6.55   
  101   0.0025    6.59   
  102   0.0025    6.64   
  103   0.0025    6.68   
  104   0.0025    6.73   
  105   0.0025    6.77   
  106   0.0025    6.82   
  107   0.0025    6.86   
  108   0.0025    6.91   
  109   0.0025    6.96   
  110   0.0025    7      
  111   0.0025    7.05   
  112   0.0025    7.08   
  113   0.0025    7.12   
  114   0.0025    7.15   
  115   0.0025    7.18   
  116   0.0025    7.22   
  117   0.0025    7.25   
  118   0.0025    7.29   
  119   0.0025    7.33   
  120   0.0025    7.38   
  121   0.0025    7.42   
  122   0.0025    7.46   
  123   0.0025    7.5    
  124   0.0025    7.54   
  125   0.0025    7.58   
  126   0.0025    7.61   
  127   0.0025    7.65   
  128   0.0025    7.69   
  129   0.0025    7.73   
  130   0.0025    7.75   
  131   0.0025    7.78   
  132   0.0025    7.81   
  133   0.0025    7.83   
  134   0.0025    7.85   
  135   0.0025    7.84   
  136   0.0025    7.83   
  137   0.0025    7.82   
  138   0.0025    7.89   
  139   0.0025    7.95   
  140   0.0025    7.99   
  141   0.0025    7.97   
  142   0.0025    7.99   
  143   0.0025    8      
  144   0.0025    8.05   
  145   0.0025    8.09   
  146   0.0025    8.11   
  147   0.0025    8.17   
  148   0.0025    8.15   
  149   0.0025    8.27   
  150   0.0025    8.28   
  151   0.0025    8.28   
  152   0.0025    8.31   
  153   0.0025    8.37   
  154   0.0025    8.39   
  155   0.0025    8.4    
  156   0.0025    8.42   
  157   0.0025    8.43   
  158   0.0025    8.5    
  159   0.0025    8.47   
  160   0.0025    8.48   
  161   0.0025    8.45   
  162   0.0025    8.5    
  163   0.0025    8.52   
  164   0.0025    8.53   
  165   0.0025    8.51   
  166   0.0025    8.54   
  167   0.0025    8.6    
  168   0.0025    8.6    
  169   0.0025    8.58   
  170   0.0025    8.58   
  171   0.0025    8.59   
  172   0.0025    8.57   
  173   0.0025    8.31   
  174   0.0025    8.2    
  175   0.0025    8.22   
  176   0.0025    8.13   
  177   0.0025    8.24   
  178   0.0025    8.25   
  179   0.0025    8.24   
  180   0.0025    8.34   
  181   0.0025    8.4    
  182   0.0025    8.42   
  183   0.0025    8.49   
  184   0.0025    8.53   
  185   0.0025    8.59   
  186   0.0025    8.7    
  187   0.0025    8.89   
  188   0.0025    9.06   
  189   0.0025    9.23   
  190   0.0025    9.42   
  191   0.0025    9.58   
  192   0.0025    9.72   
  193   0.0025    9.88   
  194   0.0025    10.02  
  195   0.0025    10.15  
  196   0.0025    10.28  
  197   0.0025    10.41  
  198   0.0025    10.54  
  199   0.0025    10.7   
